0 0.32587064676616917 0.798507462686567 0.291044776119403 0.7444029850746269 0.22139303482587064 0.7388059701492538 0.1865671641791045 0.7742537313432836 0.1865671641791045 0.8190298507462687 0.236318407960199 0.835820895522388 0.3034825870646766 0.8451492537313433 0.33582089552238803 0.835820895522388 0.3407960199004975 0.8152985074626866
0 0.7139303482587064 0.7444029850746269 0.7487562189054726 0.7182835820895522 0.8283582089552239 0.7145522388059702 0.8606965174129353 0.753731343283582 0.8656716417910446 0.7873134328358209 0.8606965174129353 0.8078358208955224 0.7885572139303483 0.8078358208955224 0.7213930348258707 0.8134328358208955 0.7039800995024875 0.798507462686567 0.701492537313433 0.7761194029850746
0 0.5671641791044776 0.5093283582089553 0.5572139303482587 0.47947761194029853 0.5174129353233831 0.4552238805970149 0.4577114427860697 0.46082089552238803 0.4328358208955223 0.48880597014925375 0.4353233830845771 0.5279850746268657 0.5 0.5373134328358209 0.554726368159204 0.542910447761194 0.5696517412935324 0.5298507462686567
0 0.15671641791044777 0.46082089552238803 0.21393034825870647 0.44029850746268656 0.24129353233830847 0.44029850746268656 0.23134328358208955 0.4253731343283582 0.19154228855721392 0.4123134328358209 0.14676616915422885 0.40298507462686567 0.09203980099502487 0.417910447761194 0.09203980099502487 0.4421641791044777 0.10696517412935323 0.49253731343283585 0.12935323383084577 0.49253731343283585 0.13681592039800994 0.4776119402985074
0 0.6393034825870647 0.251865671641791 0.6542288557213929 0.19962686567164176 0.6119402985074627 0.18470149253731344 0.5522388059701493 0.1958955223880597 0.5447761194029851 0.22388059701492538 0.5522388059701493 0.2574626865671642 0.554726368159204 0.2891791044776119 0.6044776119402985 0.2835820895522388
0 0.8731343283582089 0.48134328358208955 0.8606965174129353 0.417910447761194 0.9029850746268657 0.3805970149253731 0.9527363184079602 0.38246268656716415 0.9950248756218906 0.417910447761194 0.9825870646766169 0.4440298507462687 0.9626865671641791 0.4832089552238806 0.9203980099502488 0.4944029850746269
1 0.11442786069651742 0.376865671641791 0.08955223880597014 0.41044776119402987 0.02736318407960199 0.4123134328358209 0.009950248756218905 0.376865671641791 0.06218905472636816 0.36007462686567165 0.08955223880597014 0.34888059701492535
1 0.42288557213930356 0.6884328358208955 0.39552238805970147 0.6791044776119403 0.34577114427860695 0.6604477611940298 0.31343283582089554 0.6865671641791045 0.31094527363184077 0.7313432835820897 0.34328358208955223 0.753731343283582 0.40049751243781095 0.7518656716417911 0.4203980099502488 0.7220149253731343
1 0.8731343283582089 0.6809701492537313 0.8855721393034826 0.625 0.853233830845771 0.6063432835820896 0.7885572139303483 0.5970149253731343 0.7587064676616916 0.6175373134328358 0.7611940298507462 0.6473880597014925 0.7935323383084577 0.6791044776119403 0.8333333333333335 0.6884328358208955
1 0.8681592039800995 0.3619402985074627 0.8383084577114428 0.32649253731343286 0.7736318407960199 0.32089552238805974 0.7487562189054726 0.33955223880597013 0.7437810945273633 0.3582089552238806 0.7437810945273633 0.3917910447761194 0.7960199004975125 0.39552238805970147 0.8507462686567164 0.39552238805970147
1 0.5646766169154229 0.3805970149253731 0.554726368159204 0.36380597014925375 0.5024875621890548 0.36380597014925375 0.48258706467661694 0.40298507462686567 0.5024875621890548 0.4328358208955223 0.5646766169154229 0.43656716417910446 0.5845771144278606 0.40671641791044777
1 0.5373134328358209 0.13619402985074627 0.4900497512437811 0.1287313432835821 0.4527363184079602 0.16044776119402987 0.4776119402985074 0.19216417910447758 0.5373134328358209 0.19776119402985073 0.554726368159204 0.18283582089552242 0.5696517412935324 0.1623134328358209 0.5671641791044776 0.14925373134328357
2 0.1517412935323383 0.798507462686567 0.10199004975124377 0.7555970149253731 0.12189054726368159 0.710820895522388 0.17661691542288557 0.7425373134328358 0.16666666666666663 0.7723880597014925
2 0.09452736318407959 0.5802238805970149 0.16666666666666663 0.5410447761194029 0.11442786069651742 0.5149253731343284 0.06716417910447761 0.5373134328358209 0.05721393034825871 0.5671641791044776
2 0.5945273631840796 0.8339552238805971 0.5920398009950248 0.7873134328358209 0.6517412935323383 0.7649253731343283 0.6840796019900498 0.789179104477612 0.6940298507462687 0.8171641791044776 0.6915422885572139 0.8376865671641791 0.646766169154229 0.8507462686567164 0.6318407960199005 0.8507462686567164
2 0.35572139303482586 0.5373134328358209 0.34577114427860695 0.5074626865671642 0.39800995024875624 0.5 0.4253731343283582 0.5335820895522388 0.4154228855721393 0.5597014925373134 0.39800995024875624 0.5690298507462687 0.3880597014925373 0.5559701492537313 0.3930348258706468 0.542910447761194
2 0.5124378109452736 0.31343283582089554 0.5696517412935324 0.31343283582089554 0.6119402985074627 0.29850746268656714 0.5746268656716418 0.3414179104477612 0.5422885572139303 0.3414179104477612
