0 0.3109452736318408 0.7313432835820897 0.24875621890547264 0.794776119402985 0.33582089552238814 0.8619402985074626 0.400497512437811 0.8115671641791045 0.3805970149253731 0.7462686567164178
0 0.17661691542288557 0.4328358208955223 0.06716417910447761 0.4552238805970149 0.06716417910447761 0.5074626865671642 0.15920398009950248 0.5447761194029851 0.23383084577114427 0.5186567164179104 0.236318407960199 0.4776119402985074
0 0.44029850746268656 0.2294776119402985 0.4950248756218906 0.1865671641791045 0.4701492537313433 0.125 0.4129353233830846 0.10820895522388058 0.3507462686567165 0.125 0.31592039800995025 0.16791044776119401 0.36318407960199006 0.22014925373134328
0 0.9203980099502488 0.3283582089552239 0.8557213930348259 0.2630597014925373 0.763681592039801 0.2891791044776119 0.736318407960199 0.34888059701492535 0.7711442786069652 0.38246268656716415 0.8681592039800995 0.39552238805970147 0.9228855721393034 0.34888059701492535
1 0.853233830845771 0.7686567164179103 0.7960199004975125 0.7761194029850746 0.7935323383084577 0.8190298507462687 0.8507462686567164 0.8302238805970148 0.8681592039800995 0.8059701492537313
1 0.42288557213930356 0.8451492537313433 0.39552238805970147 0.8805970149253731 0.41044776119402987 0.9123134328358209 0.4577114427860697 0.917910447761194 0.49253731343283585 0.8731343283582089 0.4552238805970149 0.8488805970149254
1 0.3930348258706468 0.4701492537313433 0.37810945273631835 0.43843283582089554 0.34577114427860695 0.43656716417910446 0.29850746268656714 0.44029850746268656 0.27114427860696516 0.4701492537313433 0.2860696517412935 0.49253731343283585 0.3383084577114428 0.5055970149253731 0.3855721393034826 0.4962686567164179
1 0.6368159203980099 0.29850746268656714 0.5945273631840796 0.32649253731343286 0.6044776119402985 0.35634328358208955 0.6417910447761195 0.36567164179104483 0.701492537313433 0.36380597014925375 0.7139303482587064 0.33582089552238803 0.6865671641791045 0.31343283582089554 0.6741293532338308 0.3041044776119403
2 0.11691542288557213 0.5970149253731343 0.07213930348258707 0.5578358208955224 0.009950248756218905 0.5597014925373134 0.012437810945273632 0.5970149253731343 0.08706467661691543 0.6324626865671642 0.09950248756218906 0.6343283582089553
2 0.8582089552238805 0.5746268656716418 0.927860696517413 0.5970149253731343 0.9701492537313433 0.5988805970149254 0.9552238805970148 0.5746268656716418 0.9228855721393034 0.5522388059701493 0.8905472636815921 0.5466417910447762 0.8681592039800995 0.5354477611940298 0.853233830845771 0.5373134328358209 0.8283582089552239 0.5634328358208955
2 0.9875621890547264 0.3395522388059702 0.9527363184079601 0.2873134328358209 0.9154228855721392 0.29477611940298504 0.9353233830845771 0.31529850746268656
2 0.9676616915422884 0.39552238805970147 0.9950248756218906 0.35447761194029853 0.9577114427860697 0.35820895522388063 0.945273631840796 0.3861940298507463
